1.272380	0.028596	0.541219
1.222497	0.652036	0.002775
0.009849	0.002619	1.540509
0.795130	0.639337	0.762409
0.000315	0.002526	1.883678
0.984267	0.013943	1.291089
0.386858	0.999384	0.606288
0.428022	1.391144	0.000682
0.912363	1.128520	0.002296
0.458710	0.997821	0.259810
0.000984	1.225259	0.612721
0.000621	0.000428	1.821595
0.012575	0.005195	1.372124
0.952533	0.271748	0.723663
0.000795	1.316022	0.700090
1.234987	0.115577	0.269538
0.988753	0.044593	0.858640
1.254720	0.121568	0.006030
0.033666	0.230409	1.187627
1.264955	0.024952	0.679888
0.084354	1.175218	0.089981
0.918119	0.181769	0.916119
0.003517	0.009176	1.385031
0.009793	0.002961	1.490086
0.007946	0.411520	1.253035
0.000793	0.002395	1.741531
0.161974	0.628099	1.047722
0.291195	0.154496	1.159178
0.107195	1.473715	0.035387
0.349854	0.827363	0.880830
1.322877	0.395092	0.006072
0.042995	1.676351	0.007958
0.434433	1.427765	0.006948
0.220692	1.022885	0.725396
0.776591	0.636151	0.811561
1.067087	0.751344	0.023455
0.893875	0.367629	0.689147
0.000463	1.139775	0.835996
1.364243	0.098747	0.038038
1.019055	0.309096	0.494780
0.951075	0.080497	0.729864
1.246980	0.003663	0.841691
0.007231	1.044919	0.780557
0.856938	0.667402	0.502188
0.004822	0.011446	1.311830
0.006284	1.327055	0.328582
0.733291	0.861812	0.053590
1.240785	0.337066	0.062389
0.009026	0.172660	1.270924
0.892927	0.066465	1.016471
0.013884	1.047534	0.621702
1.203724	0.234246	0.189629
0.136178	1.300362	0.071948
0.994170	0.050522	0.585302
0.035507	0.018317	1.245779
0.627920	1.355261	0.002437
0.018732	1.157047	0.204154
1.426270	0.044225	0.003581
0.018693	0.011663	1.395050
0.404967	0.881270	0.731510
1.154772	0.023883	0.683760
0.427327	0.039673	1.055635
0.011335	0.388268	1.152141
0.186773	1.252149	0.045678
0.179437	0.207037	1.142574
0.111767	1.488942	0.025441
0.001834	0.982577	0.790704
0.000857	1.388092	0.674125
0.594367	0.469620	0.950096
1.028144	0.976713	0.002721
0.775506	1.142434	0.013522
1.018253	0.967291	0.007004
0.924248	0.720000	0.121284
0.021002	0.132549	1.195425
0.635103	1.054032	0.040716
0.576688	0.918224	0.526006
0.000022	1.460890	0.061534
0.843990	0.935155	0.028226
1.097534	0.332329	0.176543
0.309884	1.010309	0.426605
0.700842	0.119299	0.934206
0.003898	0.001319	1.566063
0.003273	1.614346	0.097590
0.015274	1.204116	0.166101
1.041190	0.021421	1.084188
1.254293	0.102299	0.052681
1.253187	0.244111	0.007140
0.015205	0.066891	1.211817
1.004103	0.564330	0.201332
1.446545	0.033596	0.099197
0.574222	1.057379	0.176706
0.000155	0.154852	1.379400
0.349311	1.092692	0.230222
0.329299	1.245297	0.014390
0.317528	0.035913	1.291837
0.314060	1.473780	0.002503
0.563497	1.110851	0.082616
0.000566	0.005747	1.426024
1.319958	0.023280	0.144470
1.377868	0.006828	0.4325730.003190	1.405527	0.512891
0.000968	0.000273	1.648024
0.012208	0.000129	1.510502
0.002244	0.004017	1.345418
1.111655	0.003069	0.623270
0.000245	0.010352	1.420155
0.797432	0.704534	0.225674
0.058351	0.849280	0.844078
0.053058	1.670495	0.020767
0.392798	1.283064	0.002694
0.001185	0.000498	1.671730
0.000443	0.000619	1.510745
0.006712	0.001506	1.349242
0.009533	0.000231	1.629128
1.519329	0.006585	0.004918
1.532940	0.000971	0.367288
0.593400	0.999401	0.002274
0.012354	1.404065	0.036692
0.850996	0.558770	0.551795
0.685313	0.934058	0.012857
0.003231	0.003646	1.571502
0.024389	1.256819	0.048703
0.206741	0.002398	1.124748
0.111211	0.663852	0.884987
1.301153	0.093845	0.000981
0.083754	1.123260	0.093711
0.023880	1.095581	0.480401
0.039118	1.372245	0.178490
0.945992	0.390713	0.509888
0.392903	0.942571	0.308240
0.049398	1.113704	0.526256
0.724234	0.858170	0.050644
0.659967	0.903593	0.098401
1.228521	0.002969	0.277940
1.100562	0.003385	0.474393
0.328292	0.515287	0.979063
0.053042	0.280178	1.109711
0.000991	1.117253	0.641679
0.609911	0.006496	0.858163
0.078580	0.961336	0.653576
0.839744	0.015183	0.780293
0.798336	0.920785	0.011903
0.011225	0.001657	1.156875
0.013327	0.000241	1.271259
0.953364	0.249808	0.492429
0.809636	0.165031	0.743141
0.757809	0.162840	0.775349
0.961969	0.580694	0.002107
0.703230	0.863807	0.021140
0.523658	1.308835	0.000509
1.098154	0.006352	0.143350
0.990055	0.457701	0.072064
0.648676	0.177953	0.858112
0.656582	0.759447	0.439528
0.709719	0.007373	0.785601
1.146472	0.006690	0.052125
0.643193	0.810008	0.484547
0.551408	0.002456	0.978639
1.160459	0.012696	0.032031
0.089357	0.019451	1.036241
1.239547	0.006282	0.024949
0.705139	0.072502	0.826328
1.018704	0.112032	0.331667
0.961307	0.040586	0.603831
1.156766	0.014430	0.003494
0.461719	0.498646	0.907836
1.136982	0.019126	0.016290
1.035282	0.005320	0.237547
0.559988	0.003314	0.918355
0.166325	0.982156	0.429015
0.176606	1.042864	0.014778
0.055168	1.208903	0.152437
1.082930	0.153055	0.076901
0.931137	0.627376	0.057489
0.137170	1.050432	0.048299
0.050568	0.036884	1.138030
1.044021	0.254304	0.041490
1.020854	0.343347	0.015132
1.346018	0.002287	0.012216
0.244722	0.817939	0.580381
0.572194	0.965267	0.106574
1.075029	0.105070	0.133835
0.794196	0.718863	0.048357
1.100252	0.105830	0.006974
0.661859	0.694271	0.439671
0.318343	0.005168	1.092785
0.772437	0.794081	0.013901
1.191628	0.011907	0.009663
1.262227	0.001662	0.041854
0.068499	1.175173	0.007664
0.831486	0.002370	0.888524
0.918259	0.637811	0.043719
1.026852	0.123896	0.446486
1.376336	0.031363	0.000623
0.000019	0.050056	1.216013
0.712144	0.736478	0.324645
0.021881	0.001439	1.208485
0.011847	0.568028	0.889257
1.167679	0.004209	0.052053
0.081834	0.017299	1.1004490.000538	1.165392	1.120639
1.190069	0.009315	1.004417
0.002287	0.000006	1.766325
0.653329	0.553865	0.760692
0.454561	0.254329	0.966414
1.045058	0.012919	0.758020
0.000136	0.000098	1.489092
1.101753	0.887000	0.000710
0.877840	0.016813	0.847940
0.000504	0.006726	1.480524
0.021250	0.826600	1.009509
0.238587	1.039469	0.253640
0.757479	0.769600	0.088059
0.042763	1.355597	0.000843
0.108033	1.150846	0.012743
0.056814	0.390069	1.146820
0.011301	0.920288	0.941941
0.000155	0.018878	1.646367
0.009253	1.454954	0.029097
0.902271	0.579682	0.506585
0.015157	1.357453	0.011289
0.007006	0.000923	1.237726
0.001136	1.269719	0.056296
0.142052	1.089550	0.378218
0.003720	1.200134	0.254305
0.010083	1.049527	0.405208
1.146116	0.140938	0.397599
1.216039	0.007655	0.631233
0.185326	0.541493	1.022379
0.214448	0.452368	0.999450
0.895786	0.335404	0.630795
1.157395	0.185741	0.008144
0.057855	0.646152	0.990776
1.061516	0.906789	0.003706
1.440724	0.091516	0.000804
0.002446	0.499052	1.238246
0.889941	0.765150	0.029988
0.301644	1.166976	0.009212
0.720558	0.909149	0.008867
0.757177	0.694613	0.574333
1.151657	0.133717	0.094437
0.234122	1.127628	0.233602
1.515679	0.021730	0.001135
0.949927	0.172846	0.595735
0.031240	1.227816	0.028117
1.136861	0.949469	0.002126
1.045144	0.395105	0.127798
1.010292	0.107155	0.681234
1.087231	0.243917	0.035636
0.876945	0.623599	0.127247
0.621535	0.147389	1.051119
0.139099	0.270091	1.079858
0.562452	0.797453	0.522167
1.322647	0.097011	0.001264
0.565959	1.123343	0.001564
0.009858	1.309959	0.024484
0.804063	0.758386	0.126307
0.923881	0.734366	0.063877
1.164329	0.205690	0.014849
1.203010	0.038027	0.053506
1.272148	0.012879	0.043401
1.426753	0.016933	0.014089
1.190938	0.392612	0.022263
0.813953	0.087149	0.894010
0.003914	0.580928	1.147274
1.005709	0.774756	0.026151
0.010978	0.682004	1.038693
1.152842	0.130943	0.259608
0.602024	0.826816	0.370266
1.055562	0.467736	0.042852
0.625879	0.433632	0.845016
0.996895	0.061788	0.687917
0.390363	0.500592	0.881514
0.028196	0.436091	1.166729
0.617527	0.976769	0.017768
0.271784	1.142258	0.018319
0.102135	0.142209	1.135292
0.002608	0.001897	1.167806
0.168032	0.070274	1.142383
0.010550	0.450231	1.116916
0.593961	0.197579	0.977194
0.025366	0.063998	1.252852
0.448300	0.056389	1.111202
1.262346	0.010847	0.093553
1.129960	0.423926	0.016019
0.029421	1.178370	0.156272
0.508780	0.682368	0.727909
0.024246	0.840928	0.657492
1.077960	0.632497	0.006229
0.055624	1.014471	0.569711
0.009205	1.258078	0.074992
0.009759	1.490027	0.006426
1.262429	0.007612	0.180836
0.897788	0.015284	0.758211
0.158230	0.897470	0.652969
0.375661	0.797179	0.917825
0.000331	1.406357	0.079093
0.173165	1.218532	0.001237
1.106000	0.066515	0.488565
0.140100	0.134903	1.0823320.043006	0.000564	2.007968
0.305687	0.000009	1.395156
0.065272	0.702443	0.829762
1.300348	0.000066	0.000962
0.015975	1.231460	0.004077
0.010485	0.987306	0.471028
0.011308	1.064774	0.064043
1.481604	0.222357	0.000011
0.221267	0.000020	1.175033
0.020009	0.905957	0.556792
0.002246	0.002768	1.184419
0.621197	0.001065	0.856249
0.308509	0.000268	1.018944
0.073684	0.000060	1.047619
0.759221	0.000005	0.760310
0.881826	0.530452	0.000256
0.563504	0.867969	0.000777
0.553576	0.855547	0.005453
0.128733	0.698077	0.715117
1.069683	0.044387	0.000189
0.543692	0.875100	0.000577
0.036871	0.540062	0.904847
0.634115	0.000008	0.857527
0.006665	0.286031	1.021886
0.892787	0.296623	0.399672
0.156836	0.477293	0.887430
0.980032	0.299545	0.001775
1.019778	0.001680	0.095364
0.084036	0.491024	0.883103
0.022752	0.000597	1.101823
0.000685	0.015511	1.028633
0.284056	0.988240	0.001955
0.095531	0.509024	0.891887
0.387922	0.941032	0.003766
1.025336	0.000144	0.028374
0.154561	0.561912	0.848667
0.233570	1.052075	0.000063
0.152938	0.911368	0.413729
0.121792	0.712268	0.731889
0.023196	1.012868	0.003554
1.041768	0.000768	0.025658
0.246823	0.911533	0.422795
0.531376	0.890671	0.001154
0.944193	0.366050	0.031549
0.815094	0.639293	0.006615
0.504940	0.894721	0.009536
0.097414	0.000156	1.021794
0.494364	0.000850	0.924970
0.225099	0.143076	0.977961
0.665949	0.815529	0.000274
0.678582	0.751067	0.100145
1.085132	0.001671	0.000127
1.033603	0.033339	0.000220
0.016700	0.097179	1.011651
0.817345	0.608378	0.001157
1.031092	0.002453	0.000673
0.599736	0.808763	0.203950
0.789133	0.422664	0.490989
0.016934	0.001264	1.016265
0.621540	0.838229	0.000456
0.592609	0.001463	0.831172
0.928781	0.001592	0.415404
0.673553	0.084694	0.758898
0.695750	0.733240	0.074814
0.315087	0.000540	0.965805
0.700193	0.737970	0.007760
0.155637	0.625627	0.785963
0.070200	0.830721	0.624998
0.652654	0.691985	0.395282
0.933936	0.389658	0.000443
0.632019	0.000583	0.790395
0.687274	0.000614	0.759475
1.014042	0.014836	0.000252
0.321907	0.979719	0.000652
0.721170	0.000593	0.721530
0.329179	0.493525	0.820841
0.432019	0.477197	0.790923
0.339304	0.339882	0.901737
0.424086	0.897756	0.230239
0.965217	0.000067	0.346490
0.097710	1.043124	0.000160
0.053412	0.312394	0.975201
0.094409	0.695287	0.788914
0.444410	0.455517	0.785352
0.362909	0.002803	0.946117
0.479907	0.479974	0.749570
0.710477	0.001674	0.712057
0.336911	0.002085	0.947220
1.043192	0.000063	0.027467
1.106875	0.000086	0.000710
0.903364	0.000428	0.490744
1.042295	0.000106	0.000384
0.201757	0.434489	0.900529
0.287782	0.043140	0.970916
0.800688	0.000055	0.657442
0.152610	0.177758	0.980686
0.021512	0.002122	1.018233
0.715195	0.717656	0.000278
0.484214	0.360958	0.825017
0.888312	0.026052	0.4787001.507962	0.060349	0.002476
0.001973	0.000705	1.343263
0.000044	0.000014	1.443904
0.001213	0.002391	1.465716
0.000015	0.000000	1.603346
0.002644	0.000366	1.506085
0.309569	0.635067	0.932734
1.402887	0.001480	0.126435
0.001331	0.001705	1.334130
0.004937	1.284329	0.102193
0.001510	0.002010	1.418407
0.234400	0.045342	1.071457
0.004118	0.005210	1.399573
0.008348	0.001076	1.324105
1.244654	0.001635	0.378084
0.005059	0.904075	1.095212
0.001418	0.005663	1.867859
0.722400	0.839923	0.038889
0.008959	0.963627	0.632969
0.687845	0.001019	0.837658
0.022431	1.423887	0.011731
0.695262	0.922465	0.049569
0.533002	0.978904	0.142733
0.896716	0.649702	0.016727
0.018688	0.035884	1.177461
0.649981	1.044934	0.006727
0.669415	0.848940	0.092272
1.210085	0.004532	0.326104
0.451465	0.558496	0.842511
0.179560	0.667557	0.841905
0.743782	0.784077	0.018201
0.034599	1.153827	0.217461
0.012453	1.343044	0.171086
0.995525	0.584287	0.020960
1.018291	0.351339	0.069201
1.025332	0.353769	0.016342
1.040754	0.248151	0.075327
0.979710	0.622439	0.005168
0.994579	0.123402	0.443840
0.558537	0.016773	0.972079
0.026540	0.813376	0.878436
0.423198	1.402487	0.001284
0.626386	0.272643	0.839239
0.037967	0.074008	1.101109
1.204555	0.038249	0.005261
0.061345	1.133155	0.213595
0.768241	0.596607	0.542910
0.526121	0.836092	0.500230
1.119047	0.157173	0.000614
0.285862	1.207513	0.007304
0.136052	0.139730	1.065064
0.900203	0.927476	0.003627
0.597608	1.062330	0.001654
0.757906	0.999261	0.003519
0.504199	1.140773	0.001214
0.078731	0.930578	0.546744
0.081297	1.125499	0.027615
0.499917	1.004471	0.027027
0.935462	0.526112	0.098402
1.088472	0.050094	0.046164
0.076098	1.269084	0.001844
0.152929	0.190894	1.027621
1.228424	0.001767	0.009452
0.851889	0.484184	0.454182
0.073026	1.217908	0.019076
1.365036	0.001963	0.045069
0.690720	0.102134	0.777936
0.020934	0.049461	1.188773
0.530093	1.096601	0.016720
0.894690	0.640404	0.026814
0.081894	1.411346	0.029520
0.178065	0.057010	1.062533
0.813466	0.247610	0.671391
1.033127	0.026545	0.458016
0.178296	1.008634	0.362522
0.641903	0.857193	0.051801
0.432742	0.251284	1.007607
0.330642	1.025031	0.103696
0.052671	0.978583	0.479240
0.565022	0.723958	0.563096
0.337756	1.124690	0.006381
0.305771	1.109520	0.019108
0.666058	0.973825	0.013661
0.011774	0.000234	1.249558
0.062816	1.163676	0.177917
0.067102	0.003085	1.107598
0.918508	0.325392	0.415210
0.782459	0.483756	0.654654
0.060930	1.201349	0.041785
0.781923	0.675457	0.031479
0.389464	0.569483	0.786977
0.003879	0.069667	1.260357
0.057613	1.070720	0.357554
1.118912	0.022881	0.010064
0.409634	0.539666	0.940081
1.222657	0.151954	0.029957
1.277285	0.026118	0.003646
1.120336	0.022264	0.499846
1.122816	0.212137	0.002746
0.046747	0.741394	0.855142