   3.6600000000000001e-02
   4.6139999999999998e-01
  -6.0999999999999999e-02
  -6.5900000000000000e-02
  -3.0030000000000001e-01
  -2.3930000000000001e-01
   4.9070000000000003e-01
   1.3180000000000000e-01
  -2.6900000000000000e-02
  -1.4649999999999999e-01
  -2.9299999999999998e-01
   1.8550000000000000e-01
   1.6109999999999999e-01
   2.3999999999999998e-03
  -1.7100000000000001e-02
  -2.0999999999999999e-01
  -3.1699999999999999e-02
   5.4690000000000005e-01
   3.1699999999999999e-02
  -6.8400000000000002e-02
  -2.5390000000000001e-01
  -3.5649999999999998e-01
   2.2950000000000001e-01
   3.5399999999999998e-01
  -8.7900000000000006e-02
  -9.5200000000000007e-02
  -3.4670000000000001e-01
  -1.0740000000000000e-01
   5.1759999999999995e-01
   2.4400000000000002e-02
  -2.3999999999999998e-03
  -2.0260000000000000e-01
  -2.3440000000000000e-01
   2.6610000000000000e-01
   9.5200000000000007e-02
   2.1999999999999999e-02
  -5.8599999999999999e-02
  -2.2459999999999999e-01
   6.3500000000000001e-02
   5.3959999999999997e-01
  -2.4400000000000002e-02
  -7.5700000000000003e-02
  -2.9790000000000000e-01
  -3.4420000000000001e-01
   3.1490000000000001e-01
   2.7339999999999998e-01
  -7.3200000000000001e-02
  -1.1960000000000000e-01
  -3.3939999999999998e-01
  -2.4400000000000002e-02
   5.3710000000000002e-01
   4.8999999999999998e-03
  -1.2200000000000001e-02
  -2.3440000000000000e-01
  -2.2710000000000000e-01
   2.8079999999999999e-01
   5.6200000000000000e-02
   2.6900000000000000e-02
  -7.5700000000000003e-02
  -2.3440000000000000e-01
   1.4890000000000000e-01
   5.0290000000000001e-01
  -4.6399999999999997e-02
  -8.0600000000000005e-02
  -3.0759999999999998e-01
  -3.0030000000000001e-01
   3.9550000000000002e-01
   2.0749999999999999e-01
  -7.5700000000000003e-02
  -1.5379999999999999e-01
  -3.6130000000000001e-01
   6.0999999999999999e-02
   4.7849999999999998e-01
  -3.4200000000000001e-02
  -1.2200000000000001e-02
  -2.4900000000000000e-01
  -1.5870000000000001e-01
   3.1250000000000000e-01
   3.6600000000000001e-02
   3.4200000000000001e-02
  -1.0249999999999999e-01
  -2.3440000000000000e-01
   2.0999999999999999e-01
   4.6879999999999999e-01
  -7.3200000000000001e-02
  -1.0249999999999999e-01
  -3.2960000000000000e-01
  -2.8810000000000002e-01
   4.3459999999999999e-01
   1.6360000000000000e-01
  -6.5900000000000000e-02
  -1.6360000000000000e-01
  -3.5399999999999998e-01
   1.1960000000000000e-01
   4.6629999999999999e-01
  -3.6600000000000001e-02
  -2.1999999999999999e-02
  -2.6369999999999999e-01
  -1.4160000000000000e-01
   3.0270000000000002e-01
   1.4600000000000000e-02
   2.9300000000000000e-02
  -1.0990000000000000e-01
  -2.3190000000000000e-01
   2.7589999999999998e-01
   4.2480000000000001e-01
  -7.3200000000000001e-02
  -1.0500000000000000e-01
  -3.3939999999999998e-01
  -2.4170000000000000e-01
   4.7120000000000001e-01
   1.0990000000000000e-01
  -6.3500000000000001e-02
  -1.9530000000000000e-01
  -3.5890000000000000e-01
   1.9289999999999999e-01
   4.1260000000000002e-01
  -5.1299999999999998e-02
  -3.4200000000000001e-02
  -2.8079999999999999e-01
  -7.5700000000000003e-02
   3.0270000000000002e-01
  -2.3999999999999998e-03
   3.9100000000000003e-02
  -1.3919999999999999e-01
  -2.1729999999999999e-01
   3.7109999999999999e-01
   3.2960000000000000e-01
  -8.0600000000000005e-02
  -1.4399999999999999e-01
  -3.5649999999999998e-01
  -1.6600000000000001e-01
   5.0290000000000001e-01
   3.4200000000000001e-02
  -5.3699999999999998e-02
  -2.3440000000000000e-01
  -3.3689999999999998e-01
   3.1979999999999997e-01
   3.1740000000000002e-01
  -4.6399999999999997e-02
  -7.0800000000000002e-02
  -3.0030000000000001e-01
   9.7999999999999997e-03
   2.7100000000000002e-01
  -9.7999999999999997e-03
   1.7100000000000001e-02
  -1.6360000000000000e-01
  -1.8550000000000000e-01
   4.6389999999999998e-01
   2.3680000000000001e-01
  -8.0600000000000005e-02
  -1.7090000000000000e-01
  -3.6870000000000003e-01
  -6.0999999999999999e-02
   4.9809999999999999e-01
  -2.9300000000000000e-02
  -5.8599999999999999e-02
  -2.7339999999999998e-01
  -2.9790000000000000e-01
   4.1990000000000000e-01
   2.3680000000000001e-01
  -4.6399999999999997e-02
  -1.1230000000000000e-01
  -3.0759999999999998e-01
   9.0300000000000005e-02
   2.2459999999999999e-01
  -1.4600000000000000e-02
   7.3000000000000001e-03
  -1.8800000000000000e-01
  -1.1960000000000000e-01
   5.3220000000000001e-01
   1.1720000000000000e-01
  -7.0800000000000002e-02
  -2.1729999999999999e-01
  -3.7109999999999999e-01
   9.5200000000000007e-02
   4.3459999999999999e-01
  -7.5700000000000003e-02
  -7.5700000000000003e-02
  -3.1490000000000001e-01
  -2.1479999999999999e-01
   4.9559999999999998e-01
   9.7699999999999995e-02
  -1.7100000000000001e-02
  -1.5379999999999999e-01
  -2.8079999999999999e-01
   2.0749999999999999e-01
   1.5629999999999999e-01
   2.3999999999999998e-03
  -2.6900000000000000e-02
  -2.1729999999999999e-01
  -4.3900000000000002e-02
   5.4930000000000001e-01
   3.9100000000000003e-02
  -7.3200000000000001e-02
  -2.5640000000000002e-01
  -3.7109999999999999e-01
   1.9289999999999999e-01
   3.8329999999999997e-01
  -8.3000000000000004e-02
  -8.5500000000000007e-02
  -3.3200000000000002e-01
  -1.4399999999999999e-01
   5.2739999999999998e-01
   5.1299999999999998e-02
  -7.3000000000000001e-03
  -1.9289999999999999e-01
  -2.6119999999999999e-01
   2.3680000000000001e-01
   1.0990000000000000e-01
   1.2200000000000001e-02
  -5.1299999999999998e-02
  -2.2220000000000001e-01
   2.9300000000000000e-02
   5.5659999999999998e-01
  -4.8999999999999998e-03
  -7.3200000000000001e-02
  -2.8810000000000002e-01
  -3.5399999999999998e-01
   2.9299999999999998e-01
   3.0030000000000001e-01
  -8.5500000000000007e-02
  -1.2210000000000000e-01
  -3.5160000000000002e-01
  -4.3900000000000002e-02
   5.1029999999999998e-01
  -2.3999999999999998e-03
  -9.7999999999999997e-03
  -2.2220000000000001e-01
  -2.0749999999999999e-01
   2.9540000000000000e-01
   6.0999999999999999e-02
   2.4400000000000002e-02
  -8.5500000000000007e-02
  -2.3930000000000001e-01
   1.6360000000000000e-01
   4.8340000000000000e-01
  -6.3500000000000001e-02
  -9.2799999999999994e-02
  -3.2469999999999999e-01
  -2.9540000000000000e-01
   4.1749999999999998e-01
   1.7580000000000001e-01
  -7.5700000000000003e-02
  -1.6600000000000001e-01
  -3.5649999999999998e-01
   1.1470000000000000e-01
   4.6389999999999998e-01
  -4.8800000000000003e-02
  -2.6900000000000000e-02
  -2.7589999999999998e-01
  -1.2939999999999999e-01
   3.0270000000000002e-01
   4.8999999999999998e-03
   3.1699999999999999e-02
  -1.2450000000000000e-01
  -2.2710000000000000e-01
   3.1490000000000001e-01
   3.7600000000000000e-01
  -8.5500000000000007e-02
  -1.2450000000000000e-01
  -3.4670000000000001e-01
  -2.0260000000000000e-01
   4.9070000000000003e-01
   5.1299999999999998e-02
  -6.0999999999999999e-02
  -2.1970000000000001e-01
  -3.4670000000000001e-01
   2.7339999999999998e-01
   3.4670000000000001e-01
  -5.1299999999999998e-02
  -5.8599999999999999e-02
  -2.9790000000000000e-01
  -2.1999999999999999e-02
   2.8079999999999999e-01
  -7.3000000000000001e-03
   2.6900000000000000e-02
  -1.5379999999999999e-01
  -2.0260000000000000e-01
   4.2970000000000003e-01
   2.6369999999999999e-01
  -8.5500000000000007e-02
  -1.6360000000000000e-01
  -3.6870000000000003e-01
  -9.5200000000000007e-02
   4.9559999999999998e-01
  -1.2200000000000001e-02
  -5.6200000000000000e-02
  -2.6369999999999999e-01
  -3.0759999999999998e-01
   3.8569999999999999e-01
   2.5390000000000001e-01
  -3.9100000000000003e-02
  -9.2799999999999994e-02
  -3.0520000000000003e-01
   5.6200000000000000e-02
   2.4660000000000001e-01
  -1.7100000000000001e-02
   1.4600000000000000e-02
  -1.8310000000000001e-01
  -1.6600000000000001e-01
   5.0049999999999994e-01
   1.8800000000000000e-01
  -7.8100000000000003e-02
  -2.0260000000000000e-01
  -3.7350000000000000e-01
  -1.2200000000000001e-02
   4.8099999999999998e-01
  -4.6399999999999997e-02
  -6.0999999999999999e-02
  -2.8810000000000002e-01
  -2.7339999999999998e-01
   4.5900000000000002e-01
   1.7820000000000000e-01
  -2.9300000000000000e-02
  -1.2450000000000000e-01
  -3.0270000000000002e-01
   1.2939999999999999e-01
   2.0260000000000000e-01
  -1.2200000000000001e-02
  -7.3000000000000001e-03
  -2.0510000000000000e-01
  -1.0990000000000000e-01
   5.4440000000000000e-01
   1.0740000000000000e-01
  -8.0600000000000005e-02
  -2.3190000000000000e-01
  -3.7840000000000001e-01
   1.1230000000000000e-01
   4.2730000000000001e-01
  -8.0600000000000005e-02
  -7.0800000000000002e-02
  -3.2469999999999999e-01
  -1.8800000000000000e-01
   5.1029999999999998e-01
   7.5700000000000003e-02
  -1.4600000000000000e-02
  -1.7090000000000000e-01
  -2.7100000000000002e-01
   2.2220000000000001e-01
   1.3180000000000000e-01
   2.3999999999999998e-03
  -3.9100000000000003e-02
  -2.2459999999999999e-01
   7.3000000000000001e-03
   5.4930000000000001e-01
  -2.3999999999999998e-03
  -7.3200000000000001e-02
  -2.7829999999999999e-01
  -3.4910000000000002e-01
   2.8320000000000001e-01
   3.0520000000000003e-01
  -8.3000000000000004e-02
  -1.1230000000000000e-01
  -3.4910000000000002e-01
  -5.1299999999999998e-02
   5.1270000000000004e-01
  -2.3999999999999998e-03
  -9.7999999999999997e-03
  -2.2220000000000001e-01
  -2.2220000000000001e-01
   2.8320000000000001e-01
   5.8599999999999999e-02
   2.1999999999999999e-02
  -7.8100000000000003e-02
  -2.3680000000000001e-01
   1.4649999999999999e-01
   4.9559999999999998e-01
  -4.8800000000000003e-02
  -8.7900000000000006e-02
  -3.1740000000000002e-01
  -3.0520000000000003e-01
   3.9550000000000002e-01
   2.0019999999999999e-01
  -7.8100000000000003e-02
  -1.5629999999999999e-01
  -3.6130000000000001e-01
   7.5700000000000003e-02
   4.7360000000000002e-01
  -3.9100000000000003e-02
  -1.4600000000000000e-02
  -2.6119999999999999e-01
  -1.4890000000000000e-01
   3.0759999999999998e-01
   2.1999999999999999e-02
   2.9300000000000000e-02
  -1.1470000000000000e-01
  -2.3440000000000000e-01
   2.6119999999999999e-01
   4.2480000000000001e-01
  -7.8100000000000003e-02
  -1.1470000000000000e-01
  -3.4179999999999999e-01
  -2.4660000000000001e-01
   4.6879999999999999e-01
   1.0009999999999999e-01
  -6.3500000000000001e-02
  -1.9530000000000000e-01
  -3.4910000000000002e-01
   2.0260000000000000e-01
   4.0279999999999999e-01
  -4.8800000000000003e-02
  -3.9100000000000003e-02
  -2.8079999999999999e-01
  -8.3000000000000004e-02
   3.0030000000000001e-01
   0.0000000000000000e+00
   2.4400000000000002e-02
  -1.3669999999999999e-01
  -2.2710000000000000e-01
   3.4910000000000002e-01
   3.5649999999999998e-01
  -8.5500000000000007e-02
  -1.2939999999999999e-01
  -3.5399999999999998e-01
  -1.8800000000000000e-01
   5.0049999999999994e-01
   5.3699999999999998e-02
  -6.0999999999999999e-02
  -2.2710000000000000e-01
  -3.4420000000000001e-01
   2.7589999999999998e-01
   3.4910000000000002e-01
  -5.1299999999999998e-02
  -5.6200000000000000e-02
  -2.9299999999999998e-01
  -2.1999999999999999e-02
   2.8810000000000002e-01
  -9.7999999999999997e-03
   2.9300000000000000e-02
  -1.5870000000000001e-01
  -2.0260000000000000e-01
   4.2240000000000000e-01
   2.7589999999999998e-01
  -8.3000000000000004e-02
  -1.6109999999999999e-01
  -3.6130000000000001e-01
  -1.1720000000000000e-01
   5.0290000000000001e-01
  -2.3999999999999998e-03
  -5.3699999999999998e-02
  -2.5150000000000000e-01
  -3.1979999999999997e-01
   3.7350000000000000e-01
   2.8560000000000002e-01
  -4.3900000000000002e-02
  -9.0300000000000005e-02
  -3.1009999999999999e-01
   4.1500000000000002e-02
   2.4660000000000001e-01
  -9.7999999999999997e-03
   1.4600000000000000e-02
  -1.7330000000000001e-01
  -1.6360000000000000e-01
   4.9320000000000003e-01
   1.9040000000000001e-01
  -7.5700000000000003e-02
  -1.8800000000000000e-01
  -3.6870000000000003e-01
  -2.3999999999999998e-03
   4.8099999999999998e-01
  -5.1299999999999998e-02
  -6.0999999999999999e-02
  -2.9540000000000000e-01
  -2.6860000000000001e-01
   4.5169999999999999e-01
   1.7330000000000001e-01
  -2.9300000000000000e-02
  -1.2939999999999999e-01
  -2.9299999999999998e-01
   1.4160000000000000e-01
   2.0260000000000000e-01
  -4.8999999999999998e-03
  -4.8999999999999998e-03
  -2.0019999999999999e-01
  -9.7699999999999995e-02
   5.4440000000000000e-01
   8.0600000000000005e-02
  -7.0800000000000002e-02
  -2.3680000000000001e-01
  -3.6870000000000003e-01
   1.2939999999999999e-01
   4.1749999999999998e-01
  -7.3200000000000001e-02
  -7.8100000000000003e-02
  -3.1490000000000001e-01
  -1.8800000000000000e-01
   5.2249999999999996e-01
   9.2799999999999994e-02
  -1.7100000000000001e-02
  -1.7330000000000001e-01
  -2.8320000000000001e-01
   2.0749999999999999e-01
   1.3669999999999999e-01
   2.3999999999999998e-03
  -3.1699999999999999e-02
  -2.1729999999999999e-01
  -4.8999999999999998e-03
   5.4930000000000001e-01
   1.7100000000000001e-02
  -7.0800000000000002e-02
  -2.6369999999999999e-01
  -3.5399999999999998e-01
   2.4900000000000000e-01
   3.4179999999999999e-01
  -8.5500000000000007e-02
  -1.0500000000000000e-01
  -3.4670000000000001e-01
  -1.0009999999999999e-01
   5.2249999999999996e-01
   2.1999999999999999e-02
  -7.3000000000000001e-03
  -2.0999999999999999e-01
  -2.4170000000000000e-01
   2.6610000000000000e-01
   9.0300000000000005e-02
   1.7100000000000001e-02
  -5.8599999999999999e-02
  -2.2459999999999999e-01
   8.3000000000000004e-02
   5.2980000000000005e-01
  -3.4200000000000001e-02
  -8.3000000000000004e-02
  -3.0520000000000003e-01
  -3.3450000000000002e-01
   3.5399999999999998e-01
   2.4660000000000001e-01
  -7.8100000000000003e-02
  -1.3919999999999999e-01
  -3.5649999999999998e-01
   2.4400000000000002e-02
   4.9070000000000003e-01
  -2.4400000000000002e-02
  -9.7999999999999997e-03
  -2.4170000000000000e-01
  -1.7330000000000001e-01
   3.0520000000000003e-01
   3.9100000000000003e-02
   2.4400000000000002e-02
  -9.7699999999999995e-02
  -2.4170000000000000e-01
   2.2950000000000001e-01
   4.4679999999999997e-01
  -7.0800000000000002e-02
  -1.0500000000000000e-01
  -3.3689999999999998e-01
  -2.6119999999999999e-01
   4.4919999999999999e-01
   1.2939999999999999e-01
  -6.3500000000000001e-02
  -1.8310000000000001e-01
  -3.5160000000000002e-01
   1.8070000000000000e-01
   4.2240000000000000e-01
  -5.1299999999999998e-02
  -3.4200000000000001e-02
  -2.8079999999999999e-01
  -9.2799999999999994e-02
   3.0030000000000001e-01
   0.0000000000000000e+00
   2.9300000000000000e-02
  -1.3430000000000000e-01
  -2.2459999999999999e-01
   3.5890000000000000e-01
   3.5399999999999998e-01
  -8.3000000000000004e-02
  -1.3919999999999999e-01
  -3.5649999999999998e-01
  -1.7330000000000001e-01
   5.0539999999999996e-01
   3.4200000000000001e-02
  -6.0999999999999999e-02
  -2.3440000000000000e-01
  -3.3939999999999998e-01
   3.2960000000000000e-01
   2.9049999999999998e-01
  -4.1500000000000002e-02
  -6.8400000000000002e-02
  -2.9049999999999998e-01
   4.6399999999999997e-02
   2.6119999999999999e-01
  -1.2200000000000001e-02
   1.2200000000000001e-02
  -1.7580000000000001e-01
  -1.6850000000000001e-01
   4.9559999999999998e-01
   1.7820000000000000e-01
  -8.0600000000000005e-02
  -1.9780000000000000e-01
  -3.7350000000000000e-01
   1.4600000000000000e-02
   4.7610000000000002e-01
  -5.3699999999999998e-02
  -5.3699999999999998e-02
  -2.9299999999999998e-01
  -2.4410000000000001e-01
   4.8580000000000001e-01
   1.4649999999999999e-01
  -2.4400000000000002e-02
  -1.4649999999999999e-01
  -2.9299999999999998e-01
   1.7090000000000000e-01
   1.6600000000000001e-01
  -4.8999999999999998e-03
  -1.7100000000000001e-02
  -2.0999999999999999e-01
  -2.9300000000000000e-02
   5.5659999999999998e-01
   2.9300000000000000e-02
  -6.3500000000000001e-02
  -2.6369999999999999e-01
  -3.4910000000000002e-01
   2.4900000000000000e-01
   3.2719999999999999e-01
  -8.3000000000000004e-02
  -1.0740000000000000e-01
  -3.4420000000000001e-01
  -7.0800000000000002e-02
   5.1510000000000000e-01
   2.3999999999999998e-03
  -4.8999999999999998e-03
  -2.1729999999999999e-01
  -2.1479999999999999e-01
   2.9049999999999998e-01
   7.0800000000000002e-02
   2.4400000000000002e-02
  -7.8100000000000003e-02
  -2.3930000000000001e-01
   1.5629999999999999e-01
   4.7610000000000002e-01
  -5.3699999999999998e-02
  -9.0300000000000005e-02
  -3.1490000000000001e-01
  -2.9049999999999998e-01
   4.1749999999999998e-01
   1.9040000000000001e-01
  -7.3200000000000001e-02
  -1.5870000000000001e-01
  -3.6130000000000001e-01
   1.0740000000000000e-01
   4.5650000000000002e-01
  -3.9100000000000003e-02
  -1.9500000000000000e-02
  -2.6369999999999999e-01
  -1.2939999999999999e-01
   3.0759999999999998e-01
   1.9500000000000000e-02
   2.9300000000000000e-02
  -1.1470000000000000e-01
  -2.2950000000000001e-01
   2.8560000000000002e-01
   4.1990000000000000e-01
  -7.8100000000000003e-02
  -1.1230000000000000e-01
  -3.4420000000000001e-01
  -2.3930000000000001e-01
   4.7360000000000002e-01
   9.2799999999999994e-02
  -6.0999999999999999e-02
  -2.0019999999999999e-01
  -3.4910000000000002e-01
   2.2220000000000001e-01
   3.9800000000000002e-01
  -4.6399999999999997e-02
  -4.1500000000000002e-02
  -2.8320000000000001e-01
  -6.3500000000000001e-02
   2.9540000000000000e-01
  -2.3999999999999998e-03
   2.9300000000000000e-02
  -1.3919999999999999e-01
  -2.1729999999999999e-01
   3.9310000000000000e-01
   3.1009999999999999e-01
  -8.0600000000000005e-02
  -1.4649999999999999e-01
  -3.5649999999999998e-01
  -1.3430000000000000e-01
   5.0539999999999996e-01
   2.1999999999999999e-02
  -5.6200000000000000e-02
  -2.4410000000000001e-01
  -3.2469999999999999e-01
   3.5160000000000002e-01
   2.8079999999999999e-01
  -4.1500000000000002e-02
  -7.5700000000000003e-02
  -2.9790000000000000e-01
   5.3699999999999998e-02
   2.5879999999999997e-01
  -9.7999999999999997e-03
   1.7100000000000001e-02
  -1.7580000000000001e-01
  -1.6360000000000000e-01
   4.9809999999999999e-01
   1.8800000000000000e-01
  -7.5700000000000003e-02
  -1.9780000000000000e-01
  -3.7109999999999999e-01
   2.3999999999999998e-03
   4.7120000000000001e-01
  -4.8800000000000003e-02
  -5.8599999999999999e-02
  -2.8810000000000002e-01
  -2.4900000000000000e-01
   4.8830000000000001e-01
   1.6360000000000000e-01
  -2.1999999999999999e-02
  -1.4160000000000000e-01
  -2.9299999999999998e-01
   1.6109999999999999e-01
   1.7580000000000001e-01
  -2.3999999999999998e-03
  -1.7100000000000001e-02
  -2.0260000000000000e-01
  -5.1299999999999998e-02
   5.5420000000000003e-01
   4.8800000000000003e-02
  -6.5900000000000000e-02
  -2.4900000000000000e-01
  -3.5399999999999998e-01
   2.2459999999999999e-01
   3.5649999999999998e-01
  -8.0600000000000005e-02
  -9.5200000000000007e-02
  -3.3939999999999998e-01
  -9.7699999999999995e-02
   5.1270000000000004e-01
   2.4400000000000002e-02
  -4.8999999999999998e-03
  -1.9780000000000000e-01
  -2.2710000000000000e-01
   2.7589999999999998e-01
   9.5200000000000007e-02
   1.9500000000000000e-02
  -5.8599999999999999e-02
  -2.2950000000000001e-01
   9.2799999999999994e-02
   5.2739999999999998e-01
  -3.4200000000000001e-02
  -7.8100000000000003e-02
  -3.0520000000000003e-01
  -3.2229999999999998e-01
   3.4910000000000002e-01
   2.5150000000000000e-01
  -7.3200000000000001e-02
  -1.2700000000000000e-01
  -3.4670000000000001e-01
   2.1999999999999999e-02
   5.1270000000000004e-01
  -1.9500000000000000e-02
  -7.3000000000000001e-03
  -2.4170000000000000e-01
  -1.8550000000000000e-01
   2.9790000000000000e-01
   3.9100000000000003e-02
   2.6900000000000000e-02
  -9.0300000000000005e-02
  -2.3440000000000000e-01
   2.0749999999999999e-01
   4.7610000000000002e-01
  -5.6200000000000000e-02
  -9.5200000000000007e-02
  -3.1979999999999997e-01
  -2.7589999999999998e-01
   4.3700000000000000e-01
   1.5379999999999999e-01
  -6.3500000000000001e-02
  -1.7330000000000001e-01
  -3.5649999999999998e-01
   1.5140000000000001e-01
   4.4190000000000002e-01
  -3.9100000000000003e-02
  -2.1999999999999999e-02
  -2.6860000000000001e-01
  -1.0009999999999999e-01
   3.0759999999999998e-01
   1.7100000000000001e-02
   3.1699999999999999e-02
  -1.1960000000000000e-01
  -2.2710000000000000e-01
   3.3450000000000002e-01
   3.7600000000000000e-01
  -8.0600000000000005e-02
  -1.2700000000000000e-01
  -3.5160000000000002e-01
  -1.8550000000000000e-01
   5.0290000000000001e-01
   5.8599999999999999e-02
  -4.8800000000000003e-02
  -2.2220000000000001e-01
  -3.3450000000000002e-01
   3.0270000000000002e-01
   3.2719999999999999e-01
  -4.1500000000000002e-02
  -5.8599999999999999e-02
  -2.8320000000000001e-01
   9.7999999999999997e-03
   2.8079999999999999e-01
  -7.3000000000000001e-03
   2.1999999999999999e-02
  -1.5870000000000001e-01
  -1.8800000000000000e-01
   4.6879999999999999e-01
   2.2950000000000001e-01
  -7.0800000000000002e-02
  -1.7580000000000001e-01
  -3.5890000000000000e-01
  -4.3900000000000002e-02
   5.0049999999999994e-01
  -2.4400000000000002e-02
  -5.3699999999999998e-02
  -2.7100000000000002e-01
  -2.8560000000000002e-01
   4.3700000000000000e-01
   2.1479999999999999e-01
  -3.1699999999999999e-02
  -1.0500000000000000e-01
  -2.9790000000000000e-01
   1.1960000000000000e-01
   2.1479999999999999e-01
  -4.8999999999999998e-03
   7.3000000000000001e-03
  -1.8800000000000000e-01
  -1.0009999999999999e-01
   5.4690000000000005e-01
   1.1230000000000000e-01
  -6.5900000000000000e-02
  -2.2710000000000000e-01
  -3.6380000000000001e-01
   1.1230000000000000e-01
   4.3700000000000000e-01
  -7.0800000000000002e-02
  -6.5900000000000000e-02
  -3.1250000000000000e-01
  -1.8800000000000000e-01
   5.1510000000000000e-01
   8.7900000000000006e-02
  -4.8999999999999998e-03
  -1.6360000000000000e-01
  -2.6119999999999999e-01
   2.2459999999999999e-01
   1.4649999999999999e-01
   1.7100000000000001e-02
  -3.1699999999999999e-02
  -2.1240000000000001e-01
   0.0000000000000000e+00
   5.5420000000000003e-01
   1.4600000000000000e-02
  -6.3500000000000001e-02
  -2.6860000000000001e-01
  -3.4670000000000001e-01
   2.6860000000000001e-01
   3.2719999999999999e-01
  -7.5700000000000003e-02
  -9.7699999999999995e-02
  -3.3689999999999998e-01
  -7.0800000000000002e-02
   5.2739999999999998e-01
   2.1999999999999999e-02
  -2.3999999999999998e-03
  -2.0749999999999999e-01
  -2.2710000000000000e-01
   2.7829999999999999e-01
   9.2799999999999994e-02
   2.1999999999999999e-02
  -6.0999999999999999e-02
  -2.2459999999999999e-01
   9.7699999999999995e-02
   5.3469999999999995e-01
  -2.6900000000000000e-02
  -7.0800000000000002e-02
  -2.9790000000000000e-01
  -3.1979999999999997e-01
   3.5160000000000002e-01
   2.6369999999999999e-01
  -7.3200000000000001e-02
  -1.2700000000000000e-01
  -3.4670000000000001e-01
   9.7999999999999997e-03
   5.1510000000000000e-01
  -1.2200000000000001e-02
  -2.3999999999999998e-03
  -2.3190000000000000e-01
  -1.8550000000000000e-01
   3.0520000000000003e-01
   5.8599999999999999e-02
   3.4200000000000001e-02
  -8.3000000000000004e-02
  -2.2950000000000001e-01
   1.7090000000000000e-01
   5.0539999999999996e-01
  -5.1299999999999998e-02
  -8.7900000000000006e-02
  -3.1490000000000001e-01
  -2.9790000000000000e-01
   4.1020000000000001e-01
   1.9780000000000000e-01
  -6.8400000000000002e-02
  -1.4649999999999999e-01
  -3.4910000000000002e-01
   1.0249999999999999e-01
   4.8340000000000000e-01
  -3.1699999999999999e-02
  -1.2200000000000001e-02
  -2.5640000000000002e-01
  -1.3430000000000000e-01
   3.1009999999999999e-01
   2.9300000000000000e-02
   3.6600000000000001e-02
  -1.0249999999999999e-01
  -2.2710000000000000e-01
   2.7829999999999999e-01
   4.2480000000000001e-01
  -7.0800000000000002e-02
  -1.0009999999999999e-01
  -3.3200000000000002e-01
  -2.2220000000000001e-01
   4.8340000000000000e-01
   1.0990000000000000e-01
  -5.6200000000000000e-02
  -1.9530000000000000e-01
  -3.4670000000000001e-01
   2.2220000000000001e-01
   3.9550000000000002e-01
  -4.1500000000000002e-02
  -3.1699999999999999e-02
  -2.7589999999999998e-01
  -4.8800000000000003e-02
   3.0759999999999998e-01
   7.3000000000000001e-03
   3.9100000000000003e-02
  -1.2939999999999999e-01
  -2.0999999999999999e-01
   3.8819999999999999e-01
   3.2719999999999999e-01
  -7.0800000000000002e-02
  -1.3919999999999999e-01
  -3.5160000000000002e-01
  -1.4890000000000000e-01
   5.0049999999999994e-01
   3.1699999999999999e-02
  -4.6399999999999997e-02
  -2.2459999999999999e-01
  -3.2229999999999998e-01
   3.3689999999999998e-01
   3.4179999999999999e-01
  -3.9100000000000003e-02
  -6.3500000000000001e-02
  -3.0270000000000002e-01
   7.3000000000000001e-03
   2.7100000000000002e-01
   0.0000000000000000e+00
   2.6900000000000000e-02
  -1.5140000000000001e-01
  -1.8070000000000000e-01
   4.6629999999999999e-01
   2.5390000000000001e-01
  -7.0800000000000002e-02
  -1.6600000000000001e-01
  -3.5649999999999998e-01
  -5.1299999999999998e-02
   5.1029999999999998e-01
  -1.9500000000000000e-02
  -4.8800000000000003e-02
  -2.7100000000000002e-01
  -2.9299999999999998e-01
   4.1749999999999998e-01
   2.2950000000000001e-01
  -2.4400000000000002e-02
  -9.2799999999999994e-02
  -2.8560000000000002e-01
   1.0249999999999999e-01
   2.4660000000000001e-01
   2.3999999999999998e-03
   1.2200000000000001e-02
  -1.7330000000000001e-01
  -1.4649999999999999e-01
   5.2490000000000003e-01
   1.5870000000000001e-01
  -6.8400000000000002e-02
  -2.0260000000000000e-01
  -3.6620000000000003e-01
   2.9300000000000000e-02
   4.8340000000000000e-01
  -4.1500000000000002e-02
  -5.1299999999999998e-02
  -2.8320000000000001e-01
  -2.4900000000000000e-01
   4.7849999999999998e-01
   1.8070000000000000e-01
  -1.7100000000000001e-02
  -1.1960000000000000e-01
  -2.9049999999999998e-01
   1.4649999999999999e-01
   2.0019999999999999e-01
   0.0000000000000000e+00
   0.0000000000000000e+00
  -1.8800000000000000e-01
  -8.5500000000000007e-02
   5.5910000000000004e-01
   1.0249999999999999e-01
  -5.8599999999999999e-02
  -2.2710000000000000e-01
  -3.5649999999999998e-01
   1.2450000000000000e-01
   4.2970000000000003e-01
  -6.5900000000000000e-02
  -6.3500000000000001e-02
  -3.1009999999999999e-01
  -1.9040000000000001e-01
   5.2000000000000002e-01
   1.0740000000000000e-01
  -2.3999999999999998e-03
  -1.5629999999999999e-01
  -2.6860000000000001e-01
   2.0749999999999999e-01
   1.6109999999999999e-01
   1.7100000000000001e-02
  -1.9500000000000000e-02
  -2.0019999999999999e-01
  -2.4400000000000002e-02
   5.6399999999999995e-01
   4.3900000000000002e-02
