0
0
0
0.000832896
0.00321499
0.00775526
0.0149561
0.0252144
0.0388226
0.0559678
0.0767275
0.101062
0.12891
0.160202
0.194859
0.232243
0.271789
0.312997
0.355431
0.398708
0.442495
0.486501
0.530477
0.574206
0.617505
0.660216
0.702208
0.742816
0.78147
0.817693
0.851083
0.88131
0.908055
0.931012
0.949959
0.964835
0.975677
0.9826
0.98582
0.985661
0.982462
0.976598
0.96851
0.958671
0.947554
0.935609
0.923249
0.910848
0.898728
0.887171
0.876415
0.866656
0.858048
0.850712
0.844735
0.840184
0.837117
0.835587
0.835632
0.837286
0.840565
0.845472
0.851928
0.859805
0.868957
0.879219
0.89041
0.902338
0.914801
0.927589
0.940481
0.953255
0.965697
0.977604
0.9888
0.999138
1.00849
1.01675
1.02377
1.02948
1.03381
1.03673
1.03825
1.03838
1.03719
1.03475
1.03115
1.02654
1.02109
1.01496
1.00836
1.00148
0.994507
0.98765
0.981102
0.975042
0.969623
0.964972
0.961189
0.958351
0.956507
0.955683
0.955882
0.957089
0.959271
0.962371
0.96629
0.970909
0.976093
0.981702
0.987587
0.993598
0.99958
1.00538
1.01086
1.01585
1.02025
1.02393
1.02683
1.02889
1.03006
1.03034
1.02975
1.0283
1.02605
1.02308
1.01949
1.01539
1.01091
1.00619
1.00137
0.996585
0.991971
0.987668
0.983799
0.98047
0.977765
0.975748
0.974465
0.973938
0.97417
0.975146
0.976833
0.979174
0.982089
0.985478
0.989234
0.99324
0.997376
1.00152
1.00554
1.00932
1.01275
1.01572
1.01816
1.02
1.0212
1.02174
1.0216
1.0208
1.01937
1.01736
1.01484
1.01189
1.00862
1.00514
1.00154
0.997938
0.994454
0.991195
0.988262
0.985742
0.983706
0.98221
0.981291
0.980969
0.981247
0.98211
0.983529
0.985453
0.987814
0.990529
0.993509
0.996654
0.999865
1.00304
1.00607
1.00887
1.01133
1.0134
1.01501
1.01611
1.01667
1.01669
1.01618
1.01514
1.01362
1.01167
1.00937
1.00678
1.00401
1.00113
0.998253
0.995461
0.992851
0.990508
0.988506
0.986905
0.985752
0.985078
0.9849
0.985218
0.986019
0.987275
0.98894
0.990953
0.993244
0.995734
0.998338
1.00097
1.00354
1.00597
1.00816
1.01006
1.0116
1.01273
1.01342
1.01366
1.01344
1.01277
1.01168
1.0102
1.00839
1.00632
1.00405
1.00167
0.999253
0.996885
0.994644
0.992608
0.990845
0.989409
0.988346
0.987687
0.98745
0.98764
0.988247
0.989249
0.990611
0.99228
0.994198
0.996296
0.998501
1.00074
1.00293
1.005
1.00688
1.0085
1.00982
1.01078
1.01137
1.01156
1.01135
1.01075
1.00979
1.00849
1.00691
1.00511
1.00314
1.00108
0.998998
0.996968
0.995059
0.993339
0.991864
0.990685
0.989837
0.989348
0.989231
0.989487
0.990106
0.991065
0.99233
0.993852
0.995576
0.997441
0.999381
1.00133
1.00321
1.00497
1.00654
1.00786
1.0089
1.00962
1.00999
1.01002
1.00969
1.00902
1.00804
1.00678
1.00529
1.00363
1.00185
1.00001
0.998191
0.996444
0.994836
0.993423
0.992252
0.991363
0.990784
0.990534
0.990618
0.991032
0.99176
0.992776
0.994042
0.99551
0.997127
0.998835
1.00057
1.00228
1.00389
1.00535
1.00661
1.00763
1.00837
1.0088
1.00892
1.00872
1.00821
1.00741
1.00635
1.00507
1.00361
1.00204
1.0004
0.998758
0.99717
0.995692
0.994379
0.993275
0.992419
0.991838
0.991552
0.991569
0.991886
0.992492
0.993365
0.994471
0.995768
0.99721
0.998743
1.00031
1.00186
1.00333
1.00468
1.00584
1.00679
1.00748
1.00791
1.00804
1.00789
1.00745
1.00674
1.0058
1.00465
1.00333
1.00191
1.00042
0.998926
0.997478
0.996129
0.994929
0.993918
0.993133
0.9926
0.992337
0.992351
0.99264
0.993195
0.993994
0.995006
0.996195
0.997515
0.998918
1.00035
1.00177
1.00311
1.00433
1.00539
1.00624
1.00686
1.00723
1.00734
1.00717
1.00675
1.00608
1.00519
1.00412
1.0029
1.00159
1.00022
0.998847
0.997524
0.996298
0.995214
0.99431
0.993618
0.993162
0.992956
0.993007
0.993313
0.993861
0.994632
0.995595
0.996715
0.997949
0.999252
1.00058
1.00187
1.0031
1.0042
1.00514
1.00588
1.00641
1.0067
1.00675
1.00654
1.0061
1.00543
1.00457
1.00354
1.00239
1.00115
0.999876
0.998612
0.997404
0.996297
0.995331
0.994542
0.993956
0.993595
0.993469
0.993583
0.993932
0.994503
0.995275
0.996217
0.997294
0.998465
0.999688
1.00092
1.00211
1.00321
1.0042
1.00502
1.00565
1.00607
1.00627
1.00623
1.00596
1.00548
1.00479
1.00392
1.00292
1.00181
1.00064
0.99945
0.998284
0.997186
0.996196
0.995352
0.994682
0.994212
0.993956
0.993925
0.994117
0.994526
0.995136
0.995925
0.996861
0.99791
0.999031
1.00018
1.00133
1.00241
1.00341
1.00427
1.00497
1.00548
1.00579
1.00588
1.00575
1.00541
1.00486
1.00414
1.00327
1.00228
1.0012
