0
0
0
0.000832896
0.00321499
0.00775526
0.0149586
0.025229
0.0388702
0.0560841
0.0769605
0.101454
0.129496
0.161011
0.195916
0.233568
0.273397
0.3149
0.357638
0.401225
0.445326
0.489648
0.533939
0.577982
0.621591
0.664609
0.706902
0.747805
0.786748
0.823253
0.856917
0.88741
0.914394
0.937544
0.956627
0.971584
0.982472
0.989415
0.992633
0.992458
0.989233
0.983335
0.975188
0.965234
0.953921
0.941686
0.928941
0.916063
0.903387
0.891201
0.879757
0.869257
0.859866
0.851704
0.844863
0.839405
0.835386
0.83286
0.831873
0.832464
0.834661
0.83848
0.843902
0.850849
0.85921
0.868851
0.879619
0.891343
0.903837
0.916907
0.93034
0.943911
0.957386
0.97053
0.983118
0.994954
1.00587
1.01576
1.02447
1.03189
1.03794
1.04256
1.04575
1.04752
1.04789
1.04694
1.04474
1.04137
1.03697
1.03166
1.0256
1.01895
1.01185
1.00446
0.99696
0.989507
0.982275
0.975431
0.969125
0.963483
0.958612
0.954596
0.951496
0.949354
0.948191
0.948012
0.948811
0.95057
0.953261
0.956821
0.961162
0.966181
0.971762
0.977784
0.98412
0.990637
0.997198
1.00366
1.00989
1.01573
1.02104
1.02572
1.02968
1.03284
1.03515
1.0366
1.03717
1.03689
1.03576
1.03385
1.03121
1.02791
1.02405
1.01972
1.01503
1.01007
1.00496
0.999802
0.99471
0.989797
0.985173
0.980941
0.977187
0.973986
0.971398
0.969467
0.968222
0.967678
0.967836
0.968689
0.970217
0.972388
0.975146
0.978419
0.982125
0.986175
0.990471
0.994912
0.999394
1.00381
1.00804
1.01199
1.01555
1.01865
1.02121
1.02318
1.02454
1.02526
1.02535
1.02482
1.02369
1.022
1.01981
1.01718
1.01417
1.01087
1.00735
1.0037
0.999989
0.996311
0.992747
0.989382
0.986292
0.983544
0.981198
0.979301
0.97789
0.976991
0.976618
0.976773
0.977453
0.978643
0.980315
0.982428
0.984925
0.987743
0.99081
0.994049
0.997381
1.00072
1.00398
1.00708
1.00994
1.01247
1.01463
1.01636
1.01762
1.01841
1.0187
1.0185
1.01783
1.01672
1.0152
1.01331
1.01112
1.00867
1.00603
1.00327
1.00044
0.997621
0.994871
0.992257
0.98984
0.987677
0.985815
0.984295
0.983149
0.9824
0.982063
0.982142
0.982635
0.983532
0.984813
0.986446
0.988387
0.990585
0.992983
0.99552
0.99813
1.00074
1.0033
1.00571
1.00793
1.00989
1.01154
1.01285
1.01379
1.01434
1.0145
1.01426
1.01366
1.01269
1.01141
1.00985
1.00805
1.00606
1.00393
1.00172
0.999465
0.997235
0.995079
0.993047
0.99119
0.989549
0.988162
0.987061
0.98627
0.985806
0.985678
0.985888
0.986432
0.987299
0.988468
0.989908
0.991581
0.993443
0.995444
0.997532
0.999651
1.00174
1.00375
1.00563
1.00731
1.00875
1.00993
1.01081
1.01138
1.01162
1.01154
1.01115
1.01046
1.0095
1.00829
1.00688
1.0053
1.00359
1.00179
0.999958
0.998128
0.996346
0.994656
0.993099
0.991711
0.990525
0.98957
0.988866
0.988429
0.98827
0.988392
0.988792
0.989462
0.990388
0.991543
0.992899
0.994417
0.996059
0.997778
0.99953
1.00127
1.00294
1.0045
1.0059
1.00712
1.00811
1.00886
1.00934
1.00955
1.0095
1.00918
1.00861
1.00781
1.00681
1.00563
1.00431
1.00289
1.00139
0.999865
0.998341
0.996858
0.995452
0.994159
0.993009
0.992029
0.991243
0.990669
0.990322
0.990208
0.990331
0.990689
0.991273
0.992072
0.993063
0.994219
0.99551
0.996901
0.998354
0.999828
1.00128
1.00268
1.00397
1.00513
1.00612
1.00692
1.00751
1.00787
1.00801
1.00791
1.0076
1.00707
1.00636
1.00547
1.00445
1.00331
1.00209
1.00081
0.999517
0.998232
0.996992
0.995824
0.994759
0.993822
0.993035
0.992418
0.991986
0.991749
0.991713
0.991878
0.992243
0.992799
0.993534
0.994426
0.995452
0.996585
0.997792
0.999041
1.0003
1.00152
1.00269
1.00375
1.00469
1.00548
1.0061
1.00653
1.00676
1.0068
1.00664
1.0063
1.00578
1.00511
1.0043
1.00338
1.00237
1.0013
1.0002
0.999088
0.998001
0.996961
0.995996
0.995128
0.994379
0.993768
0.993309
0.993013
0.992889
0.992938
0.993161
0.993554
0.994107
0.994806
0.995633
0.996564
0.997574
0.998635
0.999718
1.00079
1.00182
1.00279
1.00365
1.0044
1.005
1.00545
1.00573
1.00584
1.00579
1.00556
1.00518
1.00466
1.00401
1.00326
1.00241
1.00151
1.00057
0.999607
0.998655
0.997736
0.996871
0.996082
0.995389
0.994809
0.994355
0.99404
0.993871
0.993853
0.993987
0.99427
0.994697
0.995256
0.995933
0.99671
0.997564
0.998472
0.999409
1.00035
1.00126
1.00212
1.00291
1.0036
1.00417
1.00461
1.0049
1.00505
1.00505
1.00491
1.00462
1.0042
1.00367
1.00304
1.00233
1.00156
1.00075
0.999912
0.999079
0.998266
0.997495
0.996785
0.996153
0.995615
0.995184
0.994872
0.994686
