0
0
0
0.000832896
0.00321499
0.00775526
0.0149552
0.0252096
0.0388075
0.0559315
0.0766563
0.100944
0.128735
0.159961
0.194546
0.231852
0.271315
0.312437
0.354783
0.39797
0.441666
0.485581
0.529465
0.573103
0.616312
0.658934
0.700839
0.741361
0.779932
0.816073
0.849384
0.879534
0.906186
0.929011
0.947768
0.962408
0.972978
0.979605
0.982519
0.98205
0.978541
0.97238
0.964014
0.953909
0.942529
0.930318
0.917686
0.905003
0.892592
0.880735
0.869668
0.859589
0.850648
0.84296
0.836606
0.83165
0.828151
0.826161
0.825724
0.826876
0.829644
0.834039
0.840002
0.847415
0.856138
0.866011
0.876858
0.888488
0.900704
0.913302
0.926067
0.938787
0.951249
0.963254
0.974622
0.9852
0.994862
1.0035
1.01102
1.01731
1.02232
1.02597
1.02828
1.02923
1.02888
1.02729
1.02454
1.02077
1.0161
1.01071
1.00476
0.998427
0.991896
0.985358
0.979003
0.973004
0.967511
0.962652
0.958531
0.95523
0.952808
0.951301
0.950725
0.951079
0.952349
0.954506
0.957492
0.961217
0.965567
0.970421
0.975649
0.981117
0.986689
0.992232
0.997613
1.00271
1.00739
1.01154
1.01507
1.0179
1.01997
1.02124
1.02171
1.02138
1.02027
1.01845
1.01597
1.01292
1.00941
1.00553
1.00141
0.997158
0.992903
0.988769
0.984875
0.981325
0.978212
0.975609
0.973576
0.972154
0.971369
0.971229
0.971732
0.972858
0.974578
0.976835
0.979557
0.982656
0.986037
0.989601
0.993246
0.996869
1.00037
1.00365
1.00661
1.00918
1.01129
1.01288
1.01391
1.01437
1.01425
1.01358
1.01238
1.01069
1.00859
1.00614
1.00342
1.00052
0.997526
0.994528
0.991621
0.988891
0.986417
0.984267
0.982496
0.98115
0.980258
0.979839
0.979899
0.980431
0.981419
0.982834
0.98463
0.986744
0.98911
0.99165
0.994288
0.996942
0.999532
1.00198
1.00421
1.00617
1.00778
1.00901
1.00982
1.0102
1.01014
1.00966
1.00877
1.00751
1.00593
1.00409
1.00205
0.999866
0.997618
0.995375
0.993209
0.991187
0.989368
0.987806
0.986542
0.985609
0.985032
0.984823
0.984984
0.985509
0.986381
0.987574
0.989047
0.990749
0.992624
0.994611
0.996646
0.998665
1.0006
1.0024
1.004
1.00536
1.00642
1.00717
1.00758
1.00765
1.00738
1.00678
1.00588
1.00472
1.00333
1.00178
1.0001
0.998352
0.996598
0.994894
0.993293
0.991844
0.99059
0.989569
0.988807
0.988326
0.988138
0.988244
0.988642
0.989319
0.990253
0.991413
0.992758
0.994244
0.995819
0.997432
0.999031
1.00056
1.00198
1.00323
1.00428
1.0051
1.00566
1.00594
1.00595
1.00568
1.00515
1.00439
1.00341
1.00227
1.001
0.999634
0.99823
0.99683
0.995481
0.994227
0.993106
0.992152
0.991394
0.990853
0.990543
0.990474
0.990645
0.99105
0.991679
0.992509
0.993511
0.994652
0.995892
0.997188
0.998498
0.999776
1.00098
1.00207
1.00302
1.00378
1.00434
1.00468
1.00479
1.00468
1.00434
1.0038
1.00308
1.0022
1.0012
1.00011
0.998968
0.997816
0.99669
0.995628
0.994664
0.993827
0.993144
0.992634
0.992312
0.992187
0.992261
0.992533
0.992994
0.993628
0.994414
0.995324
0.996327
0.997387
0.998469
0.999536
1.00055
1.00148
1.00229
1.00296
1.00346
1.00378
1.00392
1.00386
1.00361
1.00319
1.00262
1.00191
1.0011
1.0002
0.999258
0.998301
0.99736
0.996467
0.995652
0.994941
0.994355
0.993912
0.993625
0.993503
0.993548
0.99376
0.99413
0.994648
0.995296
0.99605
0.996884
0.99777
0.998675
0.999569
1.00042
1.0012
1.00188
1.00245
1.00287
1.00314
1.00325
1.0032
1.00299
1.00264
1.00216
1.00156
1.00087
1.00012
0.999324
0.998518
0.997728
0.99698
0.996298
0.995704
0.995218
0.994853
0.994621
0.994529
0.994579
0.994769
0.995094
0.995543
0.9961
0.996745
0.997456
0.998208
0.998973
0.999726
1.00044
1.00109
1.00165
1.00211
1.00245
1.00266
1.00273
1.00267
1.00247
1.00215
1.00172
1.0012
1.0006
0.999956
0.999279
0.998595
0.99793
0.997304
0.996739
0.996253
0.99586
0.995574
0.995403
0.995352
0.995422
0.995612
0.995914
0.99632
0.996814
0.99738
0.997997
0.998643
0.999295
0.99993
1.00053
1.00106
1.00152
1.00188
1.00214
1.00229
1.00231
1.00222
1.00202
1.00172
1.00133
1.00086
1.00033
0.999769
0.999186
0.998605
0.998045
0.997524
0.997061
0.99667
0.996364
0.996152
0.99604
0.996032
0.996128
0.996325
0.996617
0.996994
0.997443
0.997946
0.998487
0.999046
0.999603
1.00014
1.00063
1.00107
1.00143
1.00171
1.00189
1.00198
1.00196
1.00184
1.00163
1.00134
1.00097
1.00055
1.00008
0.999585
0.999081
0.998586
0.998116
0.997687
0.997314
0.997007
0.996777
0.996632
0.996575
0.996608
0.99673
0.996938
0.997224
0.997579
0.997989
0.998441
0.998917
0.999401
0.999875
1.00032
1.00073
1.00108
