0
0
0
0.000832896
0.00321499
0.00775526
0.0149508
0.0251857
0.0387323
0.0557556
0.076319
0.100392
0.127925
0.158855
0.193115
0.230626
0.270752
0.312929
0.356661
0.401513
0.447105
0.493106
0.539229
0.585227
0.630888
0.676029
0.719942
0.762021
0.801752
0.838706
0.872527
0.90291
0.929565
0.952232
0.970735
0.985047
0.995244
1.00147
1.00397
1.00305
0.999051
0.992357
0.983389
0.972595
0.96043
0.947341
0.933751
0.920049
0.90658
0.893651
0.881525
0.870416
0.860492
0.851872
0.844638
0.838842
0.834526
0.831733
0.8305
0.83086
0.832838
0.836445
0.84167
0.848437
0.856637
0.866138
0.876788
0.888418
0.900847
0.913886
0.927331
0.940966
0.954565
0.967895
0.980734
0.992876
1.00415
1.01442
1.02357
1.03145
1.038
1.04316
1.0469
1.04924
1.05022
1.04988
1.04831
1.04559
1.04183
1.03715
1.0317
1.02561
1.01904
1.01213
1.00504
0.997908
0.990893
0.984145
0.977812
0.972023
0.966887
0.962494
0.958911
0.956188
0.954355
0.953424
0.953389
0.954239
0.955947
0.958479
0.961772
0.965744
0.970302
0.975345
0.980767
0.986457
0.992302
0.998183
1.00398
1.00957
1.01483
1.01964
1.0239
1.02755
1.03053
1.03278
1.03429
1.03506
1.03509
1.03442
1.03306
1.03106
1.0285
1.02543
1.02194
1.01811
1.01403
1.00978
1.00546
1.00114
0.996918
0.992882
0.989112
0.985684
0.982663
0.980105
0.978052
0.976533
0.975569
0.975166
0.97532
0.97602
0.977244
0.97896
0.981124
0.983678
0.98656
0.989702
0.993032
0.996473
0.999947
1.00337
1.00667
1.00977
1.01258
1.01506
1.01716
1.01883
1.02005
1.0208
1.0211
1.02093
1.02032
1.01929
1.01788
1.01613
1.01408
1.01179
1.00932
1.00671
1.00403
1.00134
0.99869
0.996138
0.993739
0.991541
0.989589
0.987921
0.986568
0.985553
0.984891
0.984591
0.984652
0.985068
0.985826
0.986907
0.988281
0.989912
0.991759
0.993777
0.995917
0.998127
1.00036
1.00255
1.00465
1.00661
1.00839
1.00994
1.01123
1.01224
1.01296
1.01337
1.01347
1.01327
1.01278
1.01202
1.01101
1.00979
1.00839
1.00684
1.00517
1.00344
1.00168
0.999922
0.998211
0.996582
0.995071
0.993707
0.99252
0.991532
0.990763
0.990225
0.989927
0.989873
0.990059
0.99048
0.991124
0.991974
0.993007
0.994197
0.995512
0.996921
0.998389
0.99988
1.00136
1.00278
1.00412
1.00534
1.00642
1.00732
1.00804
1.00856
1.00887
1.00897
1.00886
1.00856
1.00807
1.00741
1.0066
1.00566
1.00462
1.0035
1.00233
1.00114
0.99995
0.998789
0.997684
0.996657
0.99573
0.994923
0.994251
0.993729
0.993365
0.993165
0.993133
0.993267
0.993562
0.99401
0.9946
0.995315
0.996137
0.997045
0.998015
0.999025
1.00005
1.00106
1.00203
1.00294
1.00377
1.00449
1.00509
1.00556
1.0059
1.00609
1.00613
1.00603
1.0058
1.00543
1.00496
1.00438
1.00371
1.00298
1.0022
1.00138
1.00056
0.999737
0.998943
0.998191
0.997497
0.996877
0.996343
0.995906
0.995574
0.995355
0.995251
0.995264
0.995392
0.995632
0.995976
0.996416
0.99694
0.997535
0.998184
0.998872
0.999581
1.00029
1.00099
1.00165
1.00227
1.00282
1.00329
1.00368
1.00398
1.00417
1.00426
1.00425
1.00414
1.00394
1.00365
1.00329
1.00285
1.00237
1.00184
1.00128
1.0007
1.00012
0.999555
0.99901
0.9985
0.998036
0.997627
0.997283
0.99701
0.996813
0.996698
0.996664
0.996712
0.996841
0.997046
0.997323
0.997663
0.998058
0.998498
0.99897
0.999464
0.999966
1.00046
1.00094
1.0014
1.00181
1.00217
1.00247
1.00271
1.00288
1.00298
1.003
1.00296
1.00284
1.00267
1.00243
1.00214
1.00182
1.00145
1.00106
1.00066
1.00025
0.999846
0.999453
0.999081
0.998738
0.998432
0.998169
0.997955
0.997794
0.997689
0.997642
0.997653
0.997722
0.997847
0.998025
0.998249
0.998516
0.998817
0.999145
0.999491
0.999846
1.0002
1.00055
1.00088
1.00118
1.00145
1.00168
1.00187
1.00201
1.00209
1.00213
1.00211
1.00205
1.00194
1.00179
1.00159
1.00137
1.00112
1.00085
1.00056
1.00027
0.999982
0.999699
0.999428
0.999177
0.99895
0.998752
0.998588
0.998461
0.998373
0.998327
0.998322
0.998358
0.998435
0.99855
0.998701
0.998882
0.99909
0.999319
0.999563
0.999816
1.00007
1.00032
1.00056
1.00078
1.00098
1.00116
1.0013
1.00141
1.00148
1.00152
1.00152
1.00148
1.00141
1.00131
1.00118
1.00102
1.00085
1.00066
1.00046
1.00025
1.00004
0.999836
0.99964
0.999456
0.999289
0.999142
0.999018
0.99892
0.99885
0.998809
0.998798
0.998817
0.998865
0.99894
0.999042
0.999167
0.999312
0.999472
0.999645
0.999824
1.00001
1.00019
1.00036
1.00052
1.00067
1.0008
1.00091
1.00099
1.00105
1.00108
1.00109
1.00107
1.00102
1.00095
