0
0
0
0.000832896
0.00321499
0.00775526
0.0149509
0.0251859
0.038733
0.0557572
0.076322
0.100397
0.127932
0.158865
0.193127
0.230642
0.270771
0.312951
0.356686
0.401542
0.447137
0.493141
0.539268
0.58527
0.630934
0.676078
0.719995
0.762077
0.801811
0.838769
0.872593
0.902972
0.929601
0.952196
0.970571
0.984701
0.994657
1.00058
1.00274
1.00142
0.996975
0.98979
0.980302
0.968962
0.956225
0.942539
0.928333
0.914002
0.899908
0.886376
0.87369
0.862081
0.851721
0.84272
0.835139
0.829004
0.824341
0.821177
0.819544
0.819471
0.820982
0.824095
0.828814
0.835045
0.842655
0.851491
0.86138
0.872142
0.88359
0.895535
0.907788
0.920156
0.932449
0.944482
0.95608
0.967085
0.977356
0.986779
0.995255
1.0027
1.00902
1.01418
1.01812
1.02082
1.02231
1.02261
1.0218
1.01995
1.01717
1.01357
1.00928
1.00443
0.99914
0.993558
0.987825
0.982088
0.976483
0.971136
0.966156
0.96164
0.957667
0.9543
0.951584
0.949552
0.94822
0.947593
0.947668
0.948434
0.94987
0.951942
0.954594
0.957749
0.961324
0.965228
0.969369
0.973657
0.977998
0.982306
0.986494
0.990483
0.994198
0.997574
1.00055
1.00308
1.00513
1.00666
1.00767
1.00815
1.00813
1.00763
1.00669
1.00536
1.00369
1.00174
0.999573
0.997249
0.99483
0.992381
0.989962
0.987631
0.985438
0.98343
0.981646
0.980118
0.978872
0.977928
0.977298
0.976988
0.976999
0.977326
0.97796
0.978885
0.980077
0.981501
0.983119
0.984886
0.986759
0.988691
0.990636
0.992549
0.994387
0.996112
0.997686
0.99908
1.00027
1.00123
1.00195
1.00243
1.00266
1.00266
1.00244
1.00201
1.0014
1.00064
0.999758
0.998781
0.997739
0.996662
0.995579
0.994517
0.993501
0.992555
0.991699
0.990951
0.990325
0.989833
0.989482
0.989279
0.989224
0.989319
0.989558
0.989938
0.990447
0.991072
0.991795
0.992596
0.993455
0.994349
0.995254
0.996149
0.997012
0.997824
0.998566
0.999223
0.999783
1.00024
1.00058
1.0008
1.00091
1.0009
1.0008
1.0006
1.00031
0.999961
0.999553
0.999104
0.998627
0.998137
0.997646
0.997168
0.996714
0.996294
0.995918
0.995594
0.995328
0.995126
0.99499
0.994924
0.994927
0.995
0.99514
0.995344
0.995607
0.995921
0.996277
0.996667
0.997079
0.997503
0.997927
0.998341
0.998735
0.9991
0.999428
0.999711
0.999946
1.00013
1.00025
1.00033
1.00035
1.00032
1.00024
1.00012
0.999966
0.999785
0.999582
0.999364
0.999138
0.99891
0.998686
0.998472
0.998273
0.998093
0.997936
0.997806
0.997705
0.997636
0.997598
0.997594
0.997622
0.997683
0.997774
0.997893
0.998037
0.998202
0.998383
0.998576
0.998776
0.998976
0.999173
0.99936
0.999535
0.999692
0.999828
0.999942
1.00003
1.00009
1.00013
1.00014
1.00013
1.00009
1.00004
0.99997
0.999886
0.999791
0.99969
0.999584
0.999478
0.999373
0.999272
0.999179
0.999094
0.999021
0.99896
0.998912
0.99888
0.998863
0.998861
0.998874
0.998903
0.998946
0.999003
0.999071
0.999149
0.999235
0.999326
0.99942
0.999515
0.999608
0.999696
0.999779
0.999852
0.999916
0.99997
1.00001
1.00004
1.00006
1.00006
1.00005
1.00004
1.00001
0.999978
0.999939
0.999894
0.999846
0.999796
0.999746
0.999697
0.99965
0.999606
0.999567
0.999533
0.999505
0.999483
0.999469
0.999461
0.999461
0.999468
0.999483
0.999504
0.999531
0.999564
0.999601
0.999642
0.999686
0.999731
0.999775
0.999819
0.99986
0.999899
0.999933
0.999963
0.999987
1.00001
1.00002
1.00003
1.00003
1.00002
1.00002
1
0.999986
0.999967
0.999946
0.999923
0.9999
0.999876
0.999853
0.999831
0.99981
0.999792
0.999777
0.999764
0.999754
0.999748
0.999745
0.999745
0.999749
0.999757
0.999767
0.99978
0.999796
0.999814
0.999834
0.999855
0.999876
0.999897
0.999917
0.999937
0.999955
0.999971
0.999984
0.999995
1
1.00001
1.00001
1.00001
1.00001
1.00001
1
0.999992
0.999983
0.999972
0.999962
0.99995
0.999939
0.999928
0.999918
0.999909
0.9999
0.999893
0.999887
0.999883
0.99988
0.999879
0.99988
0.999882
0.999886
0.999891
0.999897
0.999905
0.999914
0.999923
0.999933
0.999943
0.999953
0.999963
0.999972
0.99998
0.999987
0.999993
0.999998
1
1
1.00001
1.00001
1
1
0.999999
0.999995
0.999991
0.999986
0.999981
0.999976
0.99997
0.999965
0.99996
0.999956
0.999952
0.999949
0.999946
0.999945
0.999943
0.999943
0.999943
0.999945
0.999946
0.999949
0.999952
0.999956
0.99996
0.999965
0.999969
0.999974
0.999979
0.999983
0.999987
0.999991
0.999995
0.999997
1
1
1
1
1
1
1
0.999999
0.999997
0.999995
0.999993
0.99999
0.999988
0.999985
0.999983
0.999981
0.999979
0.999977
0.999976
0.999974
0.999974
0.999973
