0
0
0
0.000832896
0.00321499
0.00775526
0.0149563
0.0252157
0.038827
0.0559782
0.0767482
0.101096
0.128961
0.160272
0.194951
0.232358
0.271928
0.313161
0.355621
0.398925
0.442739
0.486772
0.530775
0.574531
0.617856
0.660594
0.702612
0.743244
0.781924
0.81817
0.851584
0.881834
0.908607
0.931611
0.950629
0.965682
0.976952
0.98464
0.988977
0.990323
0.989032
0.985452
0.979925
0.972782
0.96435
0.954954
0.944908
0.934519
0.924073
0.913836
0.904036
0.894867
0.88649
0.879033
0.872599
0.867265
0.863096
0.860152
0.858486
0.858143
0.859156
0.861546
0.865321
0.870458
0.8769
0.884564
0.893351
0.903148
0.913828
0.925262
0.937318
0.949857
0.96273
0.975778
0.988831
1.00171
1.01423
1.02621
1.03742
1.04768
1.05685
1.06484
1.07158
1.07704
1.08123
1.08418
1.08594
1.08655
1.08608
1.08459
1.08214
1.07881
1.0747
1.0699
1.06453
1.05867
1.05242
1.04587
1.03913
1.03226
1.02536
1.01849
1.01175
1.0052
0.998912
0.992954
0.987389
0.982275
0.977664
0.973602
0.970126
0.967263
0.965033
0.963447
0.962506
0.962205
0.962534
0.963479
0.965022
0.967134
0.969778
0.97291
0.976479
0.980433
0.984714
0.989263
0.994018
0.998912
1.00387
1.00883
1.01369
1.01838
1.02284
1.027
1.03081
1.03423
1.03723
1.0398
1.0419
1.04355
1.04473
1.04546
1.04575
1.0456
1.04504
1.04409
1.04276
1.04111
1.03915
1.03692
1.03446
1.03181
1.02901
1.02608
1.02308
1.02002
1.01695
1.01389
1.01088
1.00794
1.0051
1.00239
0.999821
0.997418
0.995198
0.993177
0.991369
0.989787
0.988442
0.987346
0.986504
0.98592
0.985598
0.985535
0.985727
0.98617
0.986854
0.987767
0.988895
0.990218
0.991717
0.993368
0.995147
0.997028
0.998983
1.00098
1.003
1.005
1.00694
1.00882
1.01059
1.01223
1.01374
1.01509
1.01627
1.01727
1.0181
1.01873
1.01918
1.01945
1.01954
1.01945
1.0192
1.01879
1.01823
1.01754
1.01672
1.0158
1.01478
1.01369
1.01253
1.01132
1.01008
1.00882
1.00755
1.00629
1.00504
1.00382
1.00265
1.00152
1.00045
0.999444
0.998514
0.997661
0.996892
0.996212
0.995625
0.995135
0.994746
0.994461
0.994281
0.994205
0.994235
0.994367
0.9946
0.994929
0.995348
0.995851
0.99643
0.997076
0.99778
0.998531
0.999317
1.00013
1.00095
1.00177
1.00257
1.00335
1.00409
1.00479
1.00543
1.00602
1.00654
1.00698
1.00736
1.00766
1.00788
1.00803
1.0081
1.00811
1.00804
1.0079
1.00771
1.00745
1.00715
1.00679
1.0064
1.00597
1.00551
1.00502
1.00452
1.00401
1.00349
1.00297
1.00245
1.00194
1.00145
1.00097
1.00052
1.00009
0.999688
0.999317
0.998978
0.998674
0.998406
0.998177
0.997987
0.997839
0.997732
0.997669
0.997648
0.99767
0.997734
0.997838
0.997981
0.99816
0.998373
0.998617
0.998887
0.999179
0.99949
0.999814
1.00015
1.00048
1.00082
1.00114
1.00146
1.00176
1.00204
1.0023
1.00253
1.00274
1.00291
1.00306
1.00318
1.00326
1.00332
1.00334
1.00333
1.0033
1.00324
1.00316
1.00305
1.00292
1.00277
1.00261
1.00243
1.00224
1.00204
1.00183
1.00162
1.00141
1.00119
1.00098
1.00077
1.00057
1.00038
1.00019
1.00002
0.999857
0.999707
0.99957
0.999448
0.99934
0.999248
0.999172
0.999113
0.999072
0.999047
0.999041
0.999052
0.999079
0.999124
0.999184
0.999259
0.999347
0.999448
0.999559
0.99968
0.999808
0.999941
1.00008
1.00021
1.00035
1.00048
1.00061
1.00073
1.00085
1.00095
1.00105
1.00113
1.0012
1.00126
1.00131
1.00134
1.00136
1.00137
1.00137
1.00135
1.00133
1.00129
1.00125
1.00119
1.00113
1.00106
1.00099
1.00091
1.00083
1.00074
1.00066
1.00057
1.00048
1.0004
1.00031
1.00023
1.00015
1.00008
1
0.999938
0.999877
0.999822
0.999772
0.999728
0.999691
0.99966
0.999636
0.99962
0.99961
0.999608
0.999613
0.999624
0.999643
0.999668
0.999699
0.999735
0.999777
0.999823
0.999872
0.999925
0.999979
1.00004
1.00009
1.00015
1.0002
1.00025
1.0003
1.00035
1.00039
1.00043
1.00046
1.00049
1.00052
1.00054
1.00055
1.00056
1.00056
1.00056
1.00055
1.00054
1.00053
1.00051
1.00049
1.00046
1.00043
1.0004
1.00037
1.00034
1.0003
1.00027
1.00023
1.0002
1.00016
1.00013
1.00009
1.00006
1.00003
1
0.999974
0.999949
0.999926
0.999906
0.999888
0.999873
0.999861
0.999851
0.999844
0.99984
0.99984
0.999842
0.999847
0.999854
0.999865
0.999877
0.999892
0.999909
0.999928
0.999948
0.99997
0.999992
1.00002
1.00004
1.00006
1.00008
1.0001
1.00013
1.00014
1.00016
1.00018
1.00019
1.0002
1.00021
1.00022
1.00023
1.00023
1.00023
1.00023
1.00023
1.00022
1.00022
1.00021
